float vec[] = {
-1.761543,6.233721,2.087362,0.872387,0.865855,
-2.416528,5.365568,0.427137,0.827688,0.920023,
-1.351962,5.172029,2.175113,0.903633,0.951159,
-1.351962,5.172029,2.175113,0.014854,0.951159,
-1.319237,4.365812,1.014587,0.017023,0.981441,
-0.005359,4.146435,1.887218,0.112498,0.992958,
-1.319237,4.365812,1.014587,0.905802,0.981441,
-1.351962,5.172029,2.175113,0.903633,0.951159,
-2.416528,5.365568,0.427137,0.827688,0.920023,
-0.008073,5.266886,2.736889,0.111197,0.924288,
-0.012222,6.641305,2.837926,0.109460,0.841116,
-1.351962,5.172029,2.175113,0.014854,0.951159,
-0.008073,5.266886,2.736889,0.111197,0.924288,
-1.351962,5.172029,2.175113,0.014854,0.951159,
-0.005359,4.146435,1.887218,0.112498,0.992958,
-1.761543,6.233721,2.087362,0.872387,0.865855,
-1.351962,5.172029,2.175113,0.903633,0.951159,
-0.012222,6.641305,2.837926,0.998239,0.841116,
-0.008073,5.266886,2.736889,0.111197,0.924288,
1.366641,5.180325,2.172707,0.208840,0.949453,
-0.012222,6.641305,2.837926,0.109460,0.841116,
1.366641,5.180325,2.172707,0.208840,0.949453,
-0.008073,5.266886,2.736889,0.111197,0.924288,
-0.005359,4.146435,1.887218,0.112498,0.992958,
-0.012222,6.641305,2.837926,0.998239,0.841116,
-0.014775,7.454088,2.779737,0.996938,0.789934,
-1.761543,6.233721,2.087362,0.872387,0.865855,
-0.012222,6.641305,2.837926,0.109460,0.841116,
1.769518,6.244497,2.084237,0.236615,0.863296,
-0.014775,7.454088,2.779737,0.108159,0.789934,
1.769518,6.244497,2.084237,0.236615,0.863296,
-0.012222,6.641305,2.837926,0.109460,0.841116,
1.366641,5.180325,2.172707,0.208840,0.949453,
1.769518,6.244497,2.084237,0.236615,0.863296,
1.366641,5.180325,2.172707,0.208840,0.949453,
2.426956,5.380349,0.422857,0.283484,0.917037,
1.336871,4.373919,1.012237,0.207972,0.979309,
1.366641,5.180325,2.172707,0.208840,0.949453,
-0.005359,4.146435,1.887218,0.112498,0.992958,
1.336871,4.373919,1.012237,0.207972,0.979309,
2.426956,5.380349,0.422857,0.283484,0.917037,
1.366641,5.180325,2.172707,0.208840,0.949453,
-1.766210,7.733963,2.032815,0.870217,0.773727,
-1.761543,6.233721,2.087362,0.872387,0.865855,
-0.014775,7.454088,2.779737,0.996938,0.789934,
-0.018278,8.487265,2.410222,0.106857,0.725957,
-0.014775,7.454088,2.779737,0.108159,0.789934,
1.764852,7.744739,2.029691,0.235313,0.771167,
1.764852,7.744739,2.029691,0.235313,0.771167,
-0.014775,7.454088,2.779737,0.108159,0.789934,
1.769518,6.244497,2.084237,0.236615,0.863296,
-0.014775,7.454088,2.779737,0.996938,0.789934,
-0.018278,8.487265,2.410222,0.995636,0.725957,
-1.766210,7.733963,2.032815,0.870217,0.773727,
-0.913307,4.154124,-0.080621,0.721798,0.896564,
-1.759874,4.843487,-0.919932,0.774309,0.849221,
-0.007052,3.911219,-0.895208,0.777346,0.913625,
-1.766210,7.733963,2.032815,0.870217,0.773727,
-2.702493,6.742611,-0.127792,0.804687,0.837278,
-1.761543,6.233721,2.087362,0.872387,0.865855,
-2.416528,5.365568,0.427137,0.827688,0.920023,
-1.761543,6.233721,2.087362,0.872387,0.865855,
-2.702493,6.742611,-0.127792,0.804687,0.837278,
1.764852,7.744739,2.029691,0.235313,0.771167,
1.769518,6.244497,2.084237,0.236615,0.863296,
2.703467,6.759110,-0.132575,0.303013,0.833439,
2.426956,5.380349,0.422857,0.283484,0.917037,
2.703467,6.759110,-0.132575,0.303013,0.833439,
1.769518,6.244497,2.084237,0.236615,0.863296,
-1.319237,4.365812,1.014587,0.647154,0.879077,
-2.416528,5.365568,0.427137,0.679269,0.809128,
-0.913307,4.154124,-0.080621,0.721798,0.896564,
-1.319237,4.365812,1.014587,0.647154,0.879077,
-0.913307,4.154124,-0.080621,0.721798,0.896564,
-0.005359,4.146435,1.887218,0.589435,0.892725,
-2.416528,5.365568,0.427137,0.679269,0.809128,
-1.759874,4.843487,-0.919932,0.774309,0.849221,
-0.913307,4.154124,-0.080621,0.721798,0.896564,
-0.913307,4.154124,-0.080621,0.721798,0.896564,
-0.007052,3.911219,-0.895208,0.777346,0.913625,
-0.005359,4.146435,1.887218,0.589435,0.892725,
-2.416528,5.365568,0.427137,0.679269,0.809128,
-2.702493,6.742611,-0.127792,0.709646,0.714867,
-1.759874,4.843487,-0.919932,0.774309,0.849221,
-2.702493,6.742611,-0.127792,0.709646,0.714867,
-1.919979,5.878346,-1.695536,0.822479,0.778845,
-1.759874,4.843487,-0.919932,0.774309,0.849221,
-1.759874,4.843487,-0.919932,0.774309,0.849221,
-0.009736,4.510077,-1.860758,0.840707,0.875238,
-0.007052,3.911219,-0.895208,0.777346,0.913625,
-1.759874,4.843487,-0.919932,0.774309,0.849221,
-1.919979,5.878346,-1.695536,0.822479,0.778845,
-0.009736,4.510077,-1.860758,0.840707,0.875238,
-0.007052,3.911219,-0.895208,0.777346,0.913625,
0.930345,4.159751,-0.082252,0.721798,0.896564,
-0.005359,4.146435,1.887218,0.589435,0.892725,
0.930345,4.159751,-0.082252,0.721798,0.896564,
1.336871,4.373919,1.012237,0.647154,0.879077,
-0.005359,4.146435,1.887218,0.589435,0.892725,
-1.919979,5.878346,-1.695536,0.822479,0.778845,
-0.013175,5.450839,-2.480751,0.875859,0.809128,
-0.009736,4.510077,-1.860758,0.840707,0.875238,
-0.007052,3.911219,-0.895208,0.777346,0.913625,
-0.009736,4.510077,-1.860758,0.840707,0.875238,
0.930345,4.159751,-0.082252,0.721798,0.896564,
-0.009736,4.510077,-1.860758,0.840707,0.875238,
1.771193,4.854264,-0.923063,0.774309,0.849221,
0.930345,4.159751,-0.082252,0.721798,0.896564,
-0.009736,4.510077,-1.860758,0.840707,0.875238,
-0.013175,5.450839,-2.480751,0.875859,0.809128,
1.771193,4.854264,-0.923063,0.774309,0.849221,
-0.013175,5.450839,-2.480751,0.875859,0.809128,
1.923571,5.890076,-1.698943,0.822479,0.778845,
1.771193,4.854264,-0.923063,0.774309,0.849221,
0.930345,4.159751,-0.082252,0.721798,0.896564,
1.771193,4.854264,-0.923063,0.774309,0.849221,
1.336871,4.373919,1.012237,0.647154,0.879077,
1.771193,4.854264,-0.923063,0.774309,0.849221,
2.426956,5.380349,0.422857,0.679269,0.809128,
1.336871,4.373919,1.012237,0.647154,0.879077,
1.771193,4.854264,-0.923063,0.774309,0.849221,
1.923571,5.890076,-1.698943,0.822479,0.778845,
2.426956,5.380349,0.422857,0.679269,0.809128,
1.923571,5.890076,-1.698943,0.822479,0.778845,
2.703467,6.759110,-0.132575,0.709646,0.714867,
2.426956,5.380349,0.422857,0.679269,0.809128,
4.421467,7.013676,-0.007777,0.673962,0.494676,
2.200346,8.770125,3.378448,0.470517,0.365575,
1.046798,7.493224,1.904008,0.443736,0.482279,
1.046798,7.493224,1.904008,0.443736,0.482279,
2.200346,8.770125,3.378448,0.470517,0.365575,
-1.046840,7.486835,1.905861,0.334455,0.508355,
4.421467,7.013676,-0.007777,0.231653,0.494676,
5.479047,8.395651,-0.720141,0.327112,0.401911,
2.200346,8.770125,3.378448,0.028208,0.365575,
5.479047,8.395651,-0.720141,0.327112,0.401911,
2.757348,10.583568,3.512557,0.073129,0.239894,
2.200346,8.770125,3.378448,0.028208,0.365575,
2.200346,8.770125,3.378448,0.470517,0.365575,
-2.205645,8.756513,3.413600,0.240723,0.420721,
-1.046840,7.486835,1.905861,0.334455,0.508355,
2.200346,8.770125,3.378448,0.470517,0.365575,
2.757348,10.583568,3.512557,0.515439,0.239894,
-2.205645,8.756513,3.413600,0.240723,0.420721,
2.360630,6.599331,0.335629,0.141376,0.233482,
4.421467,7.013676,-0.007777,0.145264,0.269818,
1.046798,7.493224,1.904008,0.165565,0.202703,
2.205451,5.212271,-3.358994,0.076585,0.248444,
4.421467,7.013676,-0.007777,0.145264,0.269818,
2.360630,6.599331,0.335629,0.141376,0.233482,
1.049742,5.635264,-1.293261,0.105957,0.218947,
2.205451,5.212271,-3.358994,0.076585,0.248444,
2.360630,6.599331,0.335629,0.141376,0.233482,
-2.220732,13.018368,1.155000,0.491250,0.299742,
-4.436749,11.216963,-2.196217,0.392335,0.316841,
-5.494422,9.866235,-1.483689,0.362531,0.387377,
-1.223040,13.188279,-0.844946,0.226469,0.341208,
-0.035379,12.546480,-2.880620,0.116324,0.262123,
-2.471528,12.194316,-2.692795,0.112868,0.387804,
2.185282,13.031814,1.151101,0.234244,0.260413,
1.183058,13.195788,-0.878328,0.178955,0.226214,
-2.220732,13.018368,1.155000,0.048941,0.299742,
1.183058,13.195788,-0.878328,0.178955,0.226214,
-1.223040,13.188279,-0.844946,0.076153,0.248016,
-2.220732,13.018368,1.155000,0.048941,0.299742,
2.185282,13.031814,1.151101,0.237268,0.280505,
-2.220732,13.018368,1.155000,0.032959,0.297605,
-2.747688,12.071006,2.712916,0.011794,0.380965,
2.752018,12.087790,2.708049,0.266640,0.359590,
2.185282,13.031814,1.151101,0.237268,0.280505,
-2.747688,12.071006,2.712916,0.011794,0.380965,
2.752018,12.087790,2.708049,0.266640,0.359590,
-2.747688,12.071006,2.712916,0.011794,0.380965,
-2.742358,10.566783,3.517423,0.017841,0.457912,
2.757348,10.583568,3.512557,0.272687,0.436538,
2.752018,12.087790,2.708049,0.266640,0.359590,
-2.742358,10.566783,3.517423,0.017841,0.457912,
2.757348,10.583568,3.512557,0.272687,0.436538,
-2.742358,10.566783,3.517423,0.017841,0.457912,
-2.205645,8.756513,3.413600,0.050236,0.512203,
-1.223040,13.188279,-0.844946,0.226469,0.341208,
-2.471528,12.194316,-2.692795,0.112868,0.387804,
-4.436749,11.216963,-2.196217,0.108981,0.512203,
-4.436749,11.216963,-2.196217,0.551290,0.512203,
-2.471528,12.194316,-2.692795,0.555178,0.387804,
-2.215627,9.460512,-5.582443,0.353029,0.390369,
-2.220732,13.018368,1.155000,0.313721,0.428843,
-1.223040,13.188279,-0.844946,0.226469,0.341208,
-4.436749,11.216963,-2.196217,0.108981,0.512203,
-2.471528,12.194316,-2.692795,0.555178,0.387804,
-0.035379,12.546480,-2.880620,0.558633,0.262123,
-1.220207,11.208314,-4.605350,0.444600,0.320262,
-2.747688,12.071006,2.712916,0.724499,0.283498,
-2.220732,13.018368,1.155000,0.690376,0.215955,
-5.494422,9.866235,-1.483689,0.372897,0.271955,
-2.747688,12.071006,2.712916,0.724499,0.283498,
-5.494422,9.866235,-1.483689,0.372897,0.271955,
-5.489117,8.362178,-0.710435,0.374626,0.368140,
-2.742358,10.566783,3.517423,0.725795,0.380110,
-2.747688,12.071006,2.712916,0.724499,0.283498,
-5.489117,8.362178,-0.710435,0.374626,0.368140,
-2.742358,10.566783,3.517423,0.725795,0.380110,
-5.489117,8.362178,-0.710435,0.374626,0.368140,
-4.421780,6.986521,0.031296,0.413068,0.476294,
-2.471528,12.194316,-2.692795,0.555178,0.387804,
-1.220207,11.208314,-4.605350,0.444600,0.320262,
-2.215627,9.460512,-5.582443,0.353029,0.390369,
5.479047,8.395651,-0.720141,0.672234,0.478004,
5.473835,9.868462,-1.493559,0.670938,0.411316,
2.757348,10.583568,3.512557,0.432938,0.487836,
-2.205645,8.756513,3.413600,0.694695,0.485698,
-2.742358,10.566783,3.517423,0.725795,0.380110,
-4.421780,6.986521,0.031296,0.413068,0.476294,
-1.046840,7.486835,1.905861,0.159518,0.165511,
-2.205645,8.756513,3.413600,0.188890,0.136442,
-2.076302,6.461129,0.276393,0.126690,0.155252,
-2.205645,8.756513,3.413600,0.188890,0.136442,
-4.421780,6.986521,0.031296,0.120211,0.114640,
-2.076302,6.461129,0.276393,0.126690,0.155252,
-2.076302,6.461129,0.276393,0.126690,0.155252,
-4.421780,6.986521,0.031296,0.120211,0.114640,
-1.043896,5.628875,-1.291408,0.100342,0.182183,
-4.421780,6.986521,0.031296,0.120211,0.114640,
-2.200564,5.198824,-3.355095,0.064491,0.171069,
-1.043896,5.628875,-1.291408,0.100342,0.182183,
5.473835,9.868462,-1.493559,0.670938,0.411316,
2.752018,12.087790,2.708049,0.431642,0.421148,
2.757348,10.583568,3.512557,0.432938,0.487836,
-1.043896,5.628875,-1.291408,0.100342,0.182183,
-2.200564,5.198824,-3.355095,0.064491,0.171069,
1.049742,5.635264,-1.293261,0.105957,0.218947,
5.473835,9.868462,-1.493559,0.670938,0.411316,
4.406499,11.244116,-2.235289,0.645453,0.329666,
2.752018,12.087790,2.708049,0.431642,0.421148,
4.406499,11.244116,-2.235289,0.645453,0.329666,
2.185282,13.031814,1.151101,0.453239,0.337788,
2.752018,12.087790,2.708049,0.431642,0.421148,
-5.494422,9.866235,-1.483689,0.749120,0.305299,
-2.772730,7.678319,-5.716381,0.421275,0.266825,
-2.767299,6.142847,-4.912044,0.410045,0.372842,
-5.489117,8.362178,-0.710435,0.737889,0.411743,
-5.494422,9.866235,-1.483689,0.749120,0.305299,
-2.767299,6.142847,-4.912044,0.410045,0.372842,
-5.489117,8.362178,-0.710435,0.737889,0.411743,
-2.767299,6.142847,-4.912044,0.410045,0.372842,
-2.200564,5.198824,-3.355095,0.432074,0.472874,
-4.421780,6.986521,0.031296,0.695127,0.503226,
-5.489117,8.362178,-0.710435,0.737889,0.411743,
-2.200564,5.198824,-3.355095,0.432074,0.472874,
-2.200564,5.198824,-3.355095,0.064491,0.171069,
2.205451,5.212271,-3.358994,0.076585,0.248444,
1.049742,5.635264,-1.293261,0.105957,0.218947,
4.406499,11.244116,-2.235289,0.203144,0.329666,
2.434431,12.209455,-2.728382,0.159086,0.249726,
2.185282,13.031814,1.151101,0.010930,0.337788,
2.434431,12.209455,-2.728382,0.159086,0.249726,
1.183058,13.195788,-0.878328,0.052396,0.254429,
2.185282,13.031814,1.151101,0.010930,0.337788,
1.185920,11.215657,-4.607484,0.594052,0.390797,
-0.035379,12.546480,-2.880620,0.542219,0.224932,
2.434431,12.209455,-2.728382,0.431642,0.354033,
-1.220207,11.208314,-4.605350,0.261456,0.269391,
1.185920,11.215657,-4.607484,0.151743,0.390797,
2.190364,9.474126,-5.617593,0.190186,0.537852,
2.190364,9.474126,-5.617593,0.632495,0.537852,
1.185920,11.215657,-4.607484,0.594052,0.390797,
4.406499,11.244116,-2.235289,0.339638,0.471164,
1.185920,11.215657,-4.607484,0.594052,0.390797,
2.434431,12.209455,-2.728382,0.431642,0.354033,
4.406499,11.244116,-2.235289,0.339638,0.471164,
-1.220207,11.208314,-4.605350,0.261456,0.269391,
-0.035379,12.546480,-2.880620,0.099910,0.224932,
1.185920,11.215657,-4.607484,0.151743,0.390797,
2.205451,5.212271,-3.358994,0.686920,0.487836,
2.732406,6.159632,-4.916910,0.716724,0.387377,
4.421467,7.013676,-0.007777,0.441144,0.480141,
-2.215627,9.460512,-5.582443,0.644589,0.319834,
2.190364,9.474126,-5.617593,0.447192,0.326246,
2.727077,7.663855,-5.721417,0.429914,0.410889,
-2.215627,9.460512,-5.582443,0.644589,0.319834,
-1.220207,11.208314,-4.605350,0.592324,0.244169,
2.190364,9.474126,-5.617593,0.447192,0.326246,
-2.772730,7.678319,-5.716381,0.675690,0.403194,
-2.215627,9.460512,-5.582443,0.644589,0.319834,
2.727077,7.663855,-5.721417,0.429914,0.410889,
-2.772730,7.678319,-5.716381,0.675690,0.403194,
2.727077,7.663855,-5.721417,0.429914,0.410889,
2.732406,6.159632,-4.916910,0.433802,0.485698,
-2.767299,6.142847,-4.912044,0.679577,0.478004,
-2.772730,7.678319,-5.716381,0.675690,0.403194,
2.732406,6.159632,-4.916910,0.433802,0.485698,
2.727077,7.663855,-5.721417,0.716292,0.292048,
5.473835,9.868462,-1.493559,0.410045,0.282215,
5.479047,8.395651,-0.720141,0.410477,0.377972,
2.732406,6.159632,-4.916910,0.716724,0.387377,
2.727077,7.663855,-5.721417,0.716292,0.292048,
5.479047,8.395651,-0.720141,0.410477,0.377972,
2.732406,6.159632,-4.916910,0.716724,0.387377,
5.479047,8.395651,-0.720141,0.410477,0.377972,
4.421467,7.013676,-0.007777,0.441144,0.480141,
2.190364,9.474126,-5.617593,0.788142,0.517739,
4.406499,11.244116,-2.235289,0.780759,0.523060,
5.473835,9.868462,-1.493559,0.779761,0.518508,
1.183058,13.195788,-0.878328,0.821257,0.532591,
-0.035379,12.546480,-2.880620,0.792595,0.535529,
-1.223040,13.188279,-0.844946,0.810553,0.532532,
2.434431,12.209455,-2.728382,0.782231,0.529154,
-0.035379,12.546480,-2.880620,0.792595,0.535529,
1.183058,13.195788,-0.878328,0.774476,0.532591,
-4.436749,11.216963,-2.196217,0.804220,0.523008,
-2.215627,9.460512,-5.582443,0.796777,0.517699,
-2.772730,7.678319,-5.716381,0.797437,0.511872,
-5.494422,9.866235,-1.483689,0.805170,0.518510,
-4.436749,11.216963,-2.196217,0.804220,0.523008,
-2.772730,7.678319,-5.716381,0.797437,0.511872,
-2.767299,6.142847,-4.912044,0.798400,0.507033,
2.732406,6.159632,-4.916910,0.786507,0.507087,
2.205451,5.212271,-3.358994,0.784235,0.502547,
-2.200564,5.198824,-3.355095,0.800619,0.502418,
-2.767299,6.142847,-4.912044,0.798400,0.507033,
2.205451,5.212271,-3.358994,0.784235,0.502547,
2.727077,7.663855,-5.721417,0.787484,0.511832,
2.190364,9.474126,-5.617593,0.788142,0.517739,
5.473835,9.868462,-1.493559,0.779761,0.518508,
-1.910015,3.433654,1.127669,0.803947,0.462639,
-1.911540,3.427045,-0.590985,0.798208,0.462647,
-2.500114,1.769444,-0.490341,0.799030,0.450530,
1.115342,4.747874,-0.817454,0.784354,0.474291,
0.962398,3.431852,-1.624729,0.786757,0.462734,
-1.103284,4.741103,-0.815496,0.795833,0.474231,
1.117602,4.504377,0.870915,0.775507,0.474041,
1.933524,3.445384,1.124274,0.776204,0.462756,
1.115342,4.747874,-0.817454,0.784354,0.474291,
1.933524,3.445384,1.124274,0.776204,0.462756,
1.932004,3.438775,-0.594387,0.781948,0.462770,
1.115342,4.747874,-0.817454,0.784354,0.474291,
0.962398,3.431852,-1.624729,0.786757,0.462734,
1.115342,4.747874,-0.817454,0.784354,0.474291,
1.932004,3.438775,-0.594387,0.781948,0.462770,
1.933524,3.445384,1.124274,0.776204,0.462756,
1.117602,4.504377,0.870915,0.775507,0.474041,
0.808910,3.538339,1.812368,0.771695,0.464218,
1.932004,3.438775,-0.594387,0.781948,0.462770,
1.933524,3.445384,1.124274,0.776204,0.462756,
2.531981,1.916280,1.192133,0.776716,0.451530,
1.933524,3.445384,1.124274,0.776204,0.462756,
0.808910,3.538339,1.812368,0.771695,0.464218,
2.531981,1.916280,1.192133,0.776716,0.451530,
2.530866,1.784799,-0.494794,0.781117,0.450619,
1.932004,3.438775,-0.594387,0.781948,0.462770,
2.531981,1.916280,1.192133,0.776716,0.451530,
1.932004,3.438775,-0.594387,0.781948,0.462770,
2.530866,1.784799,-0.494794,0.781117,0.450619,
1.248533,1.680895,-2.118212,0.786697,0.450152,
0.962398,3.431852,-1.624729,0.786757,0.462734,
1.932004,3.438775,-0.594387,0.781948,0.462770,
1.248533,1.680895,-2.118212,0.786697,0.450152,
0.808910,3.538339,1.812368,0.771695,0.464218,
1.251287,2.072815,2.286360,0.772226,0.451683,
2.531981,1.916280,1.192133,0.776716,0.451530,
-2.499000,1.900925,1.196585,0.803444,0.451434,
-1.910015,3.433654,1.127669,0.803947,0.462639,
-2.500114,1.769444,-0.490341,0.799030,0.450530,
-2.500114,1.769444,-0.490341,0.799030,0.450530,
-1.911540,3.427045,-0.590985,0.798208,0.462647,
-0.943756,3.426035,-1.623036,0.793407,0.462671,
-1.911540,3.427045,-0.590985,0.798208,0.462647,
-1.910015,3.433654,1.127669,0.803947,0.462639,
-1.101029,4.497608,0.872878,0.804623,0.473979,
-0.784755,3.533475,1.813777,0.808454,0.464164,
-1.101029,4.497608,0.872878,0.804623,0.473979,
-1.910015,3.433654,1.127669,0.803947,0.462639,
-0.784755,3.533475,1.813777,0.808454,0.464164,
-1.910015,3.433654,1.127669,0.803947,0.462639,
-1.217331,2.065281,2.288544,0.807947,0.451629,
-1.103284,4.741103,-0.815496,0.795833,0.474231,
-1.911540,3.427045,-0.590985,0.798208,0.462647,
-1.101029,4.497608,0.872878,0.804623,0.473979,
-1.220080,1.673361,-2.116033,0.793442,0.450111,
-0.943756,3.426035,-1.623036,0.793407,0.462671,
1.248533,1.680895,-2.118212,0.786697,0.450152,
-0.943756,3.426035,-1.623036,0.793407,0.462671,
0.962398,3.431852,-1.624729,0.786757,0.462734,
1.248533,1.680895,-2.118212,0.786697,0.450152,
0.962398,3.431852,-1.624729,0.786757,0.462734,
-0.943756,3.426035,-1.623036,0.793407,0.462671,
-1.103284,4.741103,-0.815496,0.795833,0.474231,
-1.910015,3.433654,1.127669,0.803947,0.462639,
-2.499000,1.900925,1.196585,0.803444,0.451434,
-1.217331,2.065281,2.288544,0.807947,0.451629,
-1.911540,3.427045,-0.590985,0.798208,0.462647,
-1.103284,4.741103,-0.815496,0.795833,0.474231,
-0.943756,3.426035,-1.623036,0.793407,0.462671,
-1.220080,1.673361,-2.116033,0.793442,0.450111,
-2.500114,1.769444,-0.490341,0.799030,0.450530,
-0.943756,3.426035,-1.623036,0.793407,0.462671,
-1.062823,1.488286,-1.612897,0.796465,0.511620,
1.093312,1.494866,-1.614804,0.788476,0.511675,
1.377583,0.749015,-0.768461,0.785365,0.504499,
1.777886,3.194215,0.940457,0.777791,0.528092,
0.903678,3.194789,1.784938,0.772865,0.528428,
2.219452,1.883490,1.038870,0.778045,0.515882,
0.903678,3.194789,1.784938,0.772865,0.528428,
1.095513,1.884383,2.164799,0.772806,0.515848,
2.219452,1.883490,1.038870,0.778045,0.515882,
1.095513,1.884383,2.164799,0.772806,0.515848,
1.379436,0.757065,1.325178,0.775618,0.504929,
2.219452,1.883490,1.038870,0.778045,0.515882,
2.218440,1.720761,-0.647943,0.783494,0.514277,
2.219452,1.883490,1.038870,0.778045,0.515882,
1.379436,0.757065,1.325178,0.775618,0.504929,
1.776559,3.188446,-0.559463,0.783790,0.528050,
1.777886,3.194215,0.940457,0.777791,0.528092,
2.219452,1.883490,1.038870,0.778045,0.515882,
2.218440,1.720761,-0.647943,0.783494,0.514277,
1.776559,3.188446,-0.559463,0.783790,0.528050,
2.219452,1.883490,1.038870,0.778045,0.515882,
1.379436,0.757065,1.325178,0.822399,0.504929,
1.095513,1.884383,2.164799,0.819587,0.515848,
-1.339169,0.748769,1.327584,0.809318,0.504864,
1.095513,1.884383,2.164799,0.819587,0.515848,
-1.060627,1.877803,2.166712,0.812120,0.515779,
-1.339169,0.748769,1.327584,0.809318,0.504864,
1.095513,1.884383,2.164799,0.772806,0.515848,
0.903678,3.194789,1.784938,0.772865,0.528428,
-1.060627,1.877803,2.166712,0.765339,0.515779,
1.377583,0.749015,-0.768461,0.785365,0.504499,
2.218440,1.720761,-0.647943,0.783494,0.514277,
1.379436,0.757065,1.325178,0.775618,0.504929,
1.379436,0.757065,1.325178,0.822399,0.504929,
-1.339169,0.748769,1.327584,0.809318,0.504864,
1.377583,0.749015,-0.768461,0.832146,0.504499,
-0.880242,3.177336,-1.338320,0.796397,0.528466,
0.900913,3.182772,-1.339896,0.788583,0.528528,
1.093312,1.494866,-1.614804,0.788476,0.511675,
-1.062823,1.488286,-1.612897,0.796465,0.511620,
-0.880242,3.177336,-1.338320,0.796397,0.528466,
1.093312,1.494866,-1.614804,0.788476,0.511675,
2.218440,1.720761,-0.647943,0.783494,0.514277,
1.377583,0.749015,-0.768461,0.785365,0.504499,
1.093312,1.494866,-1.614804,0.788476,0.511675,
0.900913,3.182772,-1.339896,0.788583,0.528528,
1.776559,3.188446,-0.559463,0.783790,0.528050,
1.093312,1.494866,-1.614804,0.788476,0.511675,
1.776559,3.188446,-0.559463,0.783790,0.528050,
2.218440,1.720761,-0.647943,0.783494,0.514277,
1.093312,1.494866,-1.614804,0.788476,0.511675,
-1.753176,3.183438,0.943582,0.807112,0.528003,
-1.754503,3.177670,-0.556338,0.801149,0.527944,
-2.187574,1.707314,-0.644045,0.801430,0.514152,
-1.339169,0.748769,1.327584,0.809318,0.504864,
-1.341021,0.740717,-0.766056,0.799553,0.504457,
1.377583,0.749015,-0.768461,0.832146,0.504499,
-1.341021,0.740717,-0.766056,0.799553,0.504457,
-1.062823,1.488286,-1.612897,0.796465,0.511620,
1.377583,0.749015,-0.768461,0.785365,0.504499,
-0.877477,3.189353,1.786514,0.812029,0.528387,
-1.753176,3.183438,0.943582,0.807112,0.528003,
-1.060627,1.877803,2.166712,0.812120,0.515779,
-1.753176,3.183438,0.943582,0.807112,0.528003,
-2.186557,1.870044,1.042763,0.806870,0.515748,
-1.060627,1.877803,2.166712,0.812120,0.515779,
0.903678,3.194789,1.784938,0.772865,0.528428,
-0.877477,3.189353,1.786514,0.765248,0.528387,
-1.060627,1.877803,2.166712,0.765339,0.515779,
-2.186557,1.870044,1.042763,0.806870,0.515748,
-1.339169,0.748769,1.327584,0.809318,0.504864,
-1.060627,1.877803,2.166712,0.812120,0.515779,
-1.339169,0.748769,1.327584,0.809318,0.504864,
-2.186557,1.870044,1.042763,0.806870,0.515748,
-1.341021,0.740717,-0.766056,0.799553,0.504457,
-2.186557,1.870044,1.042763,0.806870,0.515748,
-2.187574,1.707314,-0.644045,0.801430,0.514152,
-1.341021,0.740717,-0.766056,0.799553,0.504457,
-2.186557,1.870044,1.042763,0.806870,0.515748,
-1.753176,3.183438,0.943582,0.807112,0.528003,
-2.187574,1.707314,-0.644045,0.801430,0.514152,
-1.062823,1.488286,-1.612897,0.796465,0.511620,
-2.187574,1.707314,-0.644045,0.801430,0.514152,
-0.880242,3.177336,-1.338320,0.796397,0.528466,
-2.187574,1.707314,-0.644045,0.801430,0.514152,
-1.754503,3.177670,-0.556338,0.801149,0.527944,
-0.880242,3.177336,-1.338320,0.796397,0.528466,
-1.062823,1.488286,-1.612897,0.796465,0.511620,
-1.341021,0.740717,-0.766056,0.799553,0.504457,
-2.187574,1.707314,-0.644045,0.801430,0.514152,
1.777886,3.194215,0.940457,0.860754,0.506833,
0.648329,4.627233,0.685937,0.858836,0.532125,
0.903678,3.194789,1.784938,0.855870,0.506508,
-0.877477,3.189353,1.786514,0.848306,0.506442,
0.903678,3.194789,1.784938,0.855870,0.506508,
0.648329,4.627233,0.685937,0.858836,0.532125,
0.648329,4.627233,0.685937,0.858836,0.532125,
1.777886,3.194215,0.940457,0.860754,0.506833,
0.647170,4.622185,-0.626496,0.870497,0.530723,
1.777886,3.194215,0.940457,0.860754,0.506833,
1.776559,3.188446,-0.559463,0.866717,0.506767,
0.647170,4.622185,-0.626496,0.870497,0.530723,
-0.632853,4.623322,0.687071,0.891912,0.532066,
0.648329,4.627233,0.685937,0.858836,0.532125,
-0.634011,4.618275,-0.625362,0.880359,0.530646,
0.648329,4.627233,0.685937,0.858836,0.532125,
0.647170,4.622185,-0.626496,0.870497,0.530723,
-0.634011,4.618275,-0.625362,0.880359,0.530646,
-0.632853,4.623322,0.687071,0.891912,0.532066,
-0.877477,3.189353,1.786514,0.894942,0.506442,
0.648329,4.627233,0.685937,0.905472,0.532125,
0.900913,3.182772,-1.339896,0.871496,0.506177,
0.647170,4.622185,-0.626496,0.870497,0.530723,
1.776559,3.188446,-0.559463,0.866717,0.506767,
0.900913,3.182772,-1.339896,0.871496,0.506177,
-0.880242,3.177336,-1.338320,0.879316,0.506141,
-0.634011,4.618275,-0.625362,0.880359,0.530646,
0.647170,4.622185,-0.626496,0.870497,0.530723,
0.900913,3.182772,-1.339896,0.871496,0.506177,
-0.634011,4.618275,-0.625362,0.880359,0.530646,
-0.877477,3.189353,1.786514,0.894942,0.506442,
-0.632853,4.623322,0.687071,0.891912,0.532066,
-1.753176,3.183438,0.943582,0.890035,0.506720,
-1.754503,3.177670,-0.556338,0.884072,0.506678,
-1.753176,3.183438,0.943582,0.890035,0.506720,
-0.632853,4.623322,0.687071,0.891912,0.532066,
-0.634011,4.618275,-0.625362,0.880359,0.530646,
-1.754503,3.177670,-0.556338,0.884072,0.506678,
-0.632853,4.623322,0.687071,0.891912,0.532066,
-1.754503,3.177670,-0.556338,0.884072,0.506678,
-0.634011,4.618275,-0.625362,0.880359,0.530646,
-0.880242,3.177336,-1.338320,0.879316,0.506141,
1.879857,1.071419,2.348520,0.934975,0.520985,
1.842466,0.071744,2.590878,0.934509,0.506414,
2.826566,1.074223,1.800833,0.941629,0.520889,
1.842466,0.071744,2.590878,0.934509,0.506414,
3.059657,0.075349,1.886714,0.941882,0.506617,
2.826566,1.074223,1.800833,0.941629,0.520889,
0.813528,0.067025,2.247482,0.975928,0.506379,
0.340124,0.062344,0.680151,0.967347,0.504400,
1.842466,0.071744,2.590878,0.980799,0.506414,
0.340124,0.062344,0.680151,0.967347,0.504400,
0.393137,0.060830,-0.289170,0.962237,0.506177,
1.842466,0.071744,2.590878,0.980799,0.506414,
3.274964,0.074315,0.823504,0.946812,0.507299,
3.059657,0.075349,1.886714,0.941882,0.506617,
1.842466,0.071744,2.590878,0.934509,0.506414,
2.152394,0.067711,-0.368275,0.953361,0.506525,
3.274964,0.074315,0.823504,0.946812,0.507299,
1.842466,0.071744,2.590878,0.934509,0.506414,
1.285749,0.063474,-0.805561,0.957241,0.507129,
2.152394,0.067711,-0.368275,0.953361,0.506525,
1.842466,0.071744,2.590878,0.934509,0.506414,
0.393137,0.060830,-0.289170,0.962237,0.506177,
1.285749,0.063474,-0.805561,0.957241,0.507129,
1.842466,0.071744,2.590878,0.980799,0.506414,
1.879857,1.071419,2.348520,0.934975,0.520985,
1.001814,1.067211,1.953930,0.929736,0.521373,
1.842466,0.071744,2.590878,0.934509,0.506414,
1.001814,1.067211,1.953930,0.929736,0.521373,
0.813528,0.067025,2.247482,0.929638,0.506379,
1.842466,0.071744,2.590878,0.934509,0.506414,
2.922274,1.072900,0.842915,0.946884,0.520746,
2.826566,1.074223,1.800833,0.941629,0.520889,
3.274964,0.074315,0.823504,0.946812,0.507299,
2.922274,1.072900,0.842915,0.946884,0.520746,
3.274964,0.074315,0.823504,0.946812,0.507299,
1.959829,0.879601,-0.260219,0.953989,0.517332,
3.274964,0.074315,0.823504,0.946812,0.507299,
2.152394,0.067711,-0.368275,0.953361,0.506525,
1.959829,0.879601,-0.260219,0.953989,0.517332,
2.826566,1.074223,1.800833,0.941629,0.520889,
3.059657,0.075349,1.886714,0.941882,0.506617,
3.274964,0.074315,0.823504,0.946812,0.507299,
2.152394,0.067711,-0.368275,0.953361,0.506525,
1.285749,0.063474,-0.805561,0.957241,0.507129,
1.959829,0.879601,-0.260219,0.953989,0.517332,
0.340124,0.062344,0.680151,0.967347,0.504400,
0.813528,0.067025,2.247482,0.975928,0.506379,
1.001814,1.067211,1.953930,0.976025,0.521373,
1.285749,0.063474,-0.805561,0.957241,0.507129,
1.280105,0.751244,-0.624613,0.957384,0.515146,
1.959829,0.879601,-0.260219,0.953989,0.517332,
1.285749,0.063474,-0.805561,0.957241,0.507129,
0.393137,0.060830,-0.289170,0.962237,0.506177,
0.549791,0.749081,-0.202118,0.961893,0.514884,
1.280105,0.751244,-0.624613,0.957384,0.515146,
1.285749,0.063474,-0.805561,0.957241,0.507129,
0.549791,0.749081,-0.202118,0.961893,0.514884,
0.549791,0.749081,-0.202118,0.961893,0.514884,
0.393137,0.060830,-0.289170,0.962237,0.506177,
0.340124,0.062344,0.680151,0.967347,0.504400,
0.526243,0.875355,0.569135,0.966184,0.517454,
0.340124,0.062344,0.680151,0.967347,0.504400,
1.001814,1.067211,1.953930,0.976025,0.521373,
0.549791,0.749081,-0.202118,0.961893,0.514884,
0.876637,1.188877,0.365140,0.962978,0.525961,
1.280105,0.751244,-0.624613,0.957384,0.515146,
0.876637,1.188877,0.365140,0.962978,0.525961,
1.606956,1.191040,-0.057361,0.955725,0.524275,
1.280105,0.751244,-0.624613,0.957384,0.515146,
1.959829,0.879601,-0.260219,0.953989,0.517332,
1.280105,0.751244,-0.624613,0.957384,0.515146,
1.606956,1.191040,-0.057361,0.955725,0.524275,
1.423871,1.630676,1.563041,0.978046,0.532782,
2.370580,1.633481,1.015354,0.992210,0.531152,
0.876637,1.188877,0.365140,0.962978,0.525961,
2.370580,1.633481,1.015354,0.945921,0.531152,
1.606956,1.191040,-0.057361,0.955725,0.524275,
0.876637,1.188877,0.365140,0.962978,0.525961,
0.549791,0.749081,-0.202118,0.961893,0.514884,
0.526243,0.875355,0.569135,0.966184,0.517454,
0.876637,1.188877,0.365140,0.962978,0.525961,
1.423871,1.630676,1.563041,0.978046,0.532782,
0.876637,1.188877,0.365140,0.962978,0.525961,
0.526243,0.875355,0.569135,0.966184,0.517454,
1.959829,0.879601,-0.260219,0.953989,0.517332,
1.606956,1.191040,-0.057361,0.955725,0.524275,
2.922274,1.072900,0.842915,0.946884,0.520746,
1.606956,1.191040,-0.057361,0.955725,0.524275,
2.370580,1.633481,1.015354,0.945921,0.531152,
2.922274,1.072900,0.842915,0.946884,0.520746,
0.526243,0.875355,0.569135,0.966184,0.517454,
0.549791,0.749081,-0.202118,0.961893,0.514884,
0.340124,0.062344,0.680151,0.967347,0.504400,
1.001814,1.067211,1.953930,0.976025,0.521373,
1.423871,1.630676,1.563041,0.978046,0.532782,
0.526243,0.875355,0.569135,0.966184,0.517454,
1.001814,1.067211,1.953930,0.929736,0.521373,
1.879857,1.071419,2.348520,0.934975,0.520985,
1.423871,1.630676,1.563041,0.931757,0.532782,
2.370580,1.633481,1.015354,0.945921,0.531152,
1.423871,1.630676,1.563041,0.931757,0.532782,
1.879857,1.071419,2.348520,0.934975,0.520985,
2.826566,1.074223,1.800833,0.941629,0.520889,
2.370580,1.633481,1.015354,0.945921,0.531152,
1.879857,1.071419,2.348520,0.934975,0.520985,
2.826566,1.074223,1.800833,0.941629,0.520889,
2.922274,1.072900,0.842915,0.946884,0.520746,
2.370580,1.633481,1.015354,0.945921,0.531152,
-2.832478,1.060790,1.832399,0.972298,0.520827,
-2.930276,1.055895,0.874737,0.967047,0.520621,
-3.059922,0.060924,1.921925,0.972077,0.506567,
-1.841179,0.066245,2.623388,0.979442,0.506455,
-1.884565,1.064929,2.377983,0.978944,0.521054,
-3.059922,0.060924,1.921925,0.972077,0.506567,
-1.884565,1.064929,2.377983,0.978944,0.521054,
-2.832478,1.060790,1.832399,0.972298,0.520827,
-3.059922,0.060924,1.921925,0.972077,0.506567,
-2.930276,1.055895,0.874737,0.967047,0.520621,
-3.277545,0.055328,0.859236,0.967132,0.507203,
-3.059922,0.060924,1.921925,0.972077,0.506567,
-3.277545,0.055328,0.859236,0.967132,0.507203,
-2.157552,0.051104,-0.334953,0.960568,0.506465,
-3.059922,0.060924,1.921925,0.972077,0.506567,
-2.157552,0.051104,-0.334953,0.960568,0.506465,
-1.291853,0.050239,-0.774113,0.956695,0.507110,
-3.059922,0.060924,1.921925,0.972077,0.506567,
-0.812975,0.066089,2.277751,0.984307,0.506453,
-1.841179,0.066245,2.623388,0.979442,0.506455,
-3.059922,0.060924,1.921925,0.972077,0.506567,
-0.342978,0.059028,0.709449,0.992902,0.504454,
-0.812975,0.066089,2.277751,0.984307,0.506453,
-3.059922,0.060924,1.921925,0.972077,0.506567,
-0.398109,0.054140,-0.259707,0.951716,0.506214,
-0.342978,0.059028,0.709449,0.992902,0.504454,
-3.059922,0.060924,1.921925,0.972077,0.506567,
-1.291853,0.050239,-0.774113,0.956695,0.507110,
-0.398109,0.054140,-0.259707,0.951716,0.506214,
-3.059922,0.060924,1.921925,0.972077,0.506567,
-0.533779,0.870650,0.596296,0.947807,0.517592,
-1.007368,1.064291,1.981491,0.937903,0.521535,
-0.812975,0.066089,2.277751,0.938017,0.506453,
-0.342978,0.059028,0.709449,0.946612,0.504454,
-0.533779,0.870650,0.596296,0.947807,0.517592,
-0.812975,0.066089,2.277751,0.938017,0.506453,
-1.007368,1.064291,1.981491,0.937903,0.521535,
-1.884565,1.064929,2.377983,0.932654,0.521054,
-0.812975,0.066089,2.277751,0.938017,0.506453,
-1.884565,1.064929,2.377983,0.932654,0.521054,
-1.841179,0.066245,2.623388,0.933152,0.506455,
-0.812975,0.066089,2.277751,0.938017,0.506453,
-0.533779,0.870650,0.596296,0.947807,0.517592,
-0.342978,0.059028,0.709449,0.946612,0.504454,
-0.398109,0.054140,-0.259707,0.951716,0.506214,
-3.277545,0.055328,0.859236,0.967132,0.507203,
-2.930276,1.055895,0.874737,0.967047,0.520621,
-2.157552,0.051104,-0.334953,0.960568,0.506465,
-1.289573,0.738604,-0.595351,0.956572,0.515107,
-0.558326,0.741798,-0.174473,0.952083,0.514935,
-0.398109,0.054140,-0.259707,0.951716,0.506214,
-1.291853,0.050239,-0.774113,0.956695,0.507110,
-1.289573,0.738604,-0.595351,0.956572,0.515107,
-0.398109,0.054140,-0.259707,0.951716,0.506214,
-0.558326,0.741798,-0.174473,0.952083,0.514935,
-0.533779,0.870650,0.596296,0.947807,0.517592,
-0.398109,0.054140,-0.259707,0.951716,0.506214,
-1.291853,0.050239,-0.774113,0.956695,0.507110,
-2.157552,0.051104,-0.334953,0.960568,0.506465,
-1.289573,0.738604,-0.595351,0.956572,0.515107,
-2.157552,0.051104,-0.334953,0.960568,0.506465,
-1.969188,0.864383,-0.229872,0.959955,0.517232,
-1.289573,0.738604,-0.595351,0.956572,0.515107,
-2.930276,1.055895,0.874737,0.967047,0.520621,
-1.969188,0.864383,-0.229872,0.959955,0.517232,
-2.157552,0.051104,-0.334953,0.960568,0.506465,
-2.381269,1.620048,1.044195,0.967978,0.531084,
-1.433357,1.624186,1.589779,0.935825,0.532864,
-1.617576,1.178400,-0.028778,0.958242,0.524193,
-1.433357,1.624186,1.589779,0.935825,0.532864,
-0.886329,1.181594,0.392100,0.951043,0.526013,
-1.617576,1.178400,-0.028778,0.958242,0.524193,
-1.617576,1.178400,-0.028778,0.958242,0.524193,
-1.969188,0.864383,-0.229872,0.959955,0.517232,
-2.381269,1.620048,1.044195,0.967978,0.531084,
-0.886329,1.181594,0.392100,0.951043,0.526013,
-0.558326,0.741798,-0.174473,0.952083,0.514935,
-1.617576,1.178400,-0.028778,0.958242,0.524193,
-0.558326,0.741798,-0.174473,0.952083,0.514935,
-1.289573,0.738604,-0.595351,0.956572,0.515107,
-1.617576,1.178400,-0.028778,0.958242,0.524193,
-1.969188,0.864383,-0.229872,0.959955,0.517232,
-1.617576,1.178400,-0.028778,0.958242,0.524193,
-1.289573,0.738604,-0.595351,0.956572,0.515107,
-0.558326,0.741798,-0.174473,0.952083,0.514935,
-0.886329,1.181594,0.392100,0.951043,0.526013,
-0.533779,0.870650,0.596296,0.947807,0.517592,
-1.007368,1.064291,1.981491,0.937903,0.521535,
-0.533779,0.870650,0.596296,0.947807,0.517592,
-0.886329,1.181594,0.392100,0.951043,0.526013,
-1.433357,1.624186,1.589779,0.935825,0.532864,
-1.007368,1.064291,1.981491,0.937903,0.521535,
-0.886329,1.181594,0.392100,0.951043,0.526013,
-1.969188,0.864383,-0.229872,0.959955,0.517232,
-2.930276,1.055895,0.874737,0.967047,0.520621,
-2.381269,1.620048,1.044195,0.967978,0.531084,
-1.007368,1.064291,1.981491,0.937903,0.521535,
-1.433357,1.624186,1.589779,0.935825,0.532864,
-1.884565,1.064929,2.377983,0.932654,0.521054,
-2.832478,1.060790,1.832399,0.972298,0.520827,
-1.884565,1.064929,2.377983,0.978944,0.521054,
-1.433357,1.624186,1.589779,0.982115,0.532864,
-2.381269,1.620048,1.044195,0.967978,0.531084,
-2.832478,1.060790,1.832399,0.972298,0.520827,
-1.433357,1.624186,1.589779,0.982115,0.532864,
-2.832478,1.060790,1.832399,0.972298,0.520827,
-2.381269,1.620048,1.044195,0.967978,0.531084,
-2.930276,1.055895,0.874737,0.967047,0.520621,
1.468435,4.122434,-0.212253,0.885650,0.512084,
1.192314,3.379597,-0.003072,0.887037,0.508447,
1.422537,4.081540,0.030059,0.887094,0.511921,
1.422537,4.081540,0.030059,0.887094,0.511921,
2.432519,5.593810,0.347668,0.891398,0.531512,
1.468435,4.122434,-0.212253,0.885650,0.512084,
1.192314,3.379597,-0.003072,0.887037,0.508447,
2.902635,4.966406,0.588748,0.900537,0.524103,
1.422537,4.081540,0.030059,0.887094,0.511921,
2.432519,5.593810,0.347668,0.891398,0.531512,
1.422537,4.081540,0.030059,0.887094,0.511921,
2.902635,4.966406,0.588748,0.900537,0.524103,
1.773494,3.892026,-0.515731,0.882907,0.509392,
1.984452,3.535924,-0.213485,0.884253,0.504858,
1.192314,3.379597,-0.003072,0.887037,0.508447,
1.938553,3.495030,0.028826,0.886644,0.504748,
1.192314,3.379597,-0.003072,0.887037,0.508447,
1.984452,3.535924,-0.213485,0.884253,0.504858,
1.192314,3.379597,-0.003072,0.887037,0.508447,
1.938553,3.495030,0.028826,0.886644,0.504748,
2.902635,4.966406,0.588748,0.900537,0.524103,
1.192314,3.379597,-0.003072,0.887037,0.508447,
1.468435,4.122434,-0.212253,0.885650,0.512084,
1.773494,3.892026,-0.515731,0.882907,0.509392,
3.567760,4.303489,0.344951,0.909328,0.511876,
2.902635,4.966406,0.588748,0.900537,0.524103,
1.938553,3.495030,0.028826,0.886644,0.504748,
2.764653,5.385375,0.923470,0.898086,0.525872,
2.432519,5.593810,0.347668,0.891398,0.531512,
2.902635,4.966406,0.588748,0.900537,0.524103,
3.567760,4.303489,0.344951,0.862692,0.511876,
3.674088,4.812960,0.483318,0.861773,0.518669,
2.902635,4.966406,0.588748,0.853901,0.524103,
2.764653,5.385375,0.923470,0.851450,0.525872,
2.902635,4.966406,0.588748,0.853901,0.524103,
2.786532,5.821757,0.485448,0.852067,0.533567,
3.674088,4.812960,0.483318,0.861773,0.518669,
2.786532,5.821757,0.485448,0.852067,0.533567,
2.902635,4.966406,0.588748,0.853901,0.524103,
2.432519,5.593810,0.347668,0.891398,0.531512,
2.547266,5.696044,-0.258111,0.878395,0.531864,
1.468435,4.122434,-0.212253,0.885650,0.512084,
2.432519,5.593810,0.347668,0.891398,0.531512,
2.764653,5.385375,0.923470,0.898086,0.525872,
2.786532,5.821757,0.485448,0.898703,0.533567,
2.432519,5.593810,0.347668,0.891398,0.531512,
2.786532,5.821757,0.485448,0.898703,0.533567,
2.547266,5.696044,-0.258111,0.878395,0.531864,
3.682506,4.405723,-0.260828,0.913934,0.514110,
3.567760,4.303489,0.344951,0.909328,0.511876,
1.938553,3.495030,0.028826,0.886644,0.504748,
1.984452,3.535924,-0.213485,0.884253,0.504858,
3.682506,4.405723,-0.260828,0.867297,0.514110,
1.938553,3.495030,0.028826,0.886644,0.504748,
3.750790,5.503945,0.872382,0.859348,0.524483,
3.503101,5.785470,0.872976,0.858085,0.527499,
3.674088,4.812960,0.483318,0.861773,0.518669,
3.503101,5.785470,0.872976,0.858085,0.527499,
2.786532,5.821757,0.485448,0.852067,0.533567,
3.674088,4.812960,0.483318,0.861773,0.518669,
3.682506,4.405723,-0.260828,0.867297,0.514110,
3.940658,5.464664,0.031280,0.865187,0.523658,
3.674088,4.812960,0.483318,0.861773,0.518669,
3.567760,4.303489,0.344951,0.862692,0.511876,
3.682506,4.405723,-0.260828,0.867297,0.514110,
3.674088,4.812960,0.483318,0.861773,0.518669,
3.750790,5.503945,0.872382,0.859348,0.524483,
3.674088,4.812960,0.483318,0.861773,0.518669,
3.940658,5.464664,0.031280,0.865187,0.523658,
2.547266,5.696044,-0.258111,0.878395,0.531864,
2.786532,5.821757,0.485448,0.852067,0.533567,
3.527842,5.933871,0.032268,0.865552,0.529285,
3.503101,5.785470,0.872976,0.858085,0.527499,
3.527842,5.933871,0.032268,0.865552,0.529285,
2.786532,5.821757,0.485448,0.852067,0.533567,
3.503101,5.785470,0.872976,0.858085,0.527499,
3.750790,5.503945,0.872382,0.859348,0.524483,
3.940658,5.464664,0.031280,0.865187,0.523658,
3.527842,5.933871,0.032268,0.865552,0.529285,
3.503101,5.785470,0.872976,0.858085,0.527499,
3.940658,5.464664,0.031280,0.865187,0.523658,
3.940658,5.464664,0.031280,0.865187,0.523658,
3.207838,5.154624,-0.804647,0.871683,0.521537,
3.527842,5.933871,0.032268,0.865552,0.529285,
3.207838,5.154624,-0.804647,0.871683,0.521537,
2.547266,5.696044,-0.258111,0.878395,0.531864,
3.527842,5.933871,0.032268,0.865552,0.529285,
3.940658,5.464664,0.031280,0.865187,0.523658,
3.682506,4.405723,-0.260828,0.867297,0.514110,
3.207838,5.154624,-0.804647,0.871683,0.521537,
3.207838,5.154624,-0.804647,0.871683,0.521537,
3.682506,4.405723,-0.260828,0.867297,0.514110,
1.773494,3.892026,-0.515731,0.882907,0.509392,
3.682506,4.405723,-0.260828,0.867297,0.514110,
1.984452,3.535924,-0.213485,0.884253,0.504858,
1.773494,3.892026,-0.515731,0.882907,0.509392,
1.468435,4.122434,-0.212253,0.885650,0.512084,
2.547266,5.696044,-0.258111,0.878395,0.531864,
3.207838,5.154624,-0.804647,0.871683,0.521537,
1.773494,3.892026,-0.515731,0.882907,0.509392,
1.468435,4.122434,-0.212253,0.885650,0.512084,
3.207838,5.154624,-0.804647,0.871683,0.521537,
-3.666127,3.979122,-0.263555,0.886220,0.508079,
-1.879995,3.443486,-0.056206,0.910495,0.504420,
-3.222858,4.737827,0.147761,0.891573,0.522856,
-3.262100,5.166579,0.495971,0.893958,0.526761,
-3.222858,4.737827,0.147761,0.891573,0.522856,
-2.812317,5.439599,0.039396,0.899135,0.535962,
-3.666127,3.979122,-0.263555,0.886220,0.508079,
-3.222858,4.737827,0.147761,0.891573,0.522856,
-3.891330,4.460784,-0.178125,0.887116,0.515821,
-3.262100,5.166579,0.495971,0.893958,0.526761,
-3.223809,5.602610,0.058732,0.890417,0.533142,
-3.222858,4.737827,0.147761,0.891573,0.522856,
-1.192422,3.443439,0.133480,0.909807,0.508007,
-1.491898,4.107339,0.081498,0.909849,0.512115,
-3.222858,4.737827,0.147761,0.891573,0.522856,
-2.812317,5.439599,0.039396,0.899135,0.535962,
-3.222858,4.737827,0.147761,0.891573,0.522856,
-1.491898,4.107339,0.081498,0.909849,0.512115,
-1.192422,3.443439,0.133480,0.909807,0.508007,
-3.222858,4.737827,0.147761,0.891573,0.522856,
-1.879995,3.443486,-0.056206,0.910495,0.504420,
-3.891330,4.460784,-0.178125,0.887116,0.515821,
-3.222858,4.737827,0.147761,0.891573,0.522856,
-3.223809,5.602610,0.058732,0.890417,0.533142,
-1.643195,3.847451,-0.543777,0.866728,0.509645,
-1.192422,3.443439,0.133480,0.863170,0.508007,
-1.857546,3.481404,-0.302280,0.865669,0.505155,
-1.469447,4.145256,-0.164577,0.864569,0.512639,
-1.491898,4.107339,0.081498,0.863213,0.512115,
-1.192422,3.443439,0.133480,0.863170,0.508007,
-1.879995,3.443486,-0.056206,0.863859,0.504420,
-1.857546,3.481404,-0.302280,0.865669,0.505155,
-1.192422,3.443439,0.133480,0.863170,0.508007,
-1.192422,3.443439,0.133480,0.863170,0.508007,
-1.643195,3.847451,-0.543777,0.866728,0.509645,
-1.469447,4.145256,-0.164577,0.864569,0.512639,
-2.812317,5.439599,0.039396,0.852499,0.535962,
-1.491898,4.107339,0.081498,0.863213,0.512115,
-2.756191,5.534394,-0.575790,0.873702,0.532513,
-1.491898,4.107339,0.081498,0.863213,0.512115,
-1.469447,4.145256,-0.164577,0.864569,0.512639,
-2.756191,5.534394,-0.575790,0.873702,0.532513,
-2.812317,5.439599,0.039396,0.899135,0.535962,
-3.223809,5.602610,0.058732,0.890417,0.533142,
-3.262100,5.166579,0.495971,0.893958,0.526761,
-2.812317,5.439599,0.039396,0.899135,0.535962,
-2.756191,5.534394,-0.575790,0.873702,0.532513,
-3.223809,5.602610,0.058732,0.890417,0.533142,
-1.857546,3.481404,-0.302280,0.865669,0.505155,
-1.879995,3.443486,-0.056206,0.863859,0.504420,
-3.666127,3.979122,-0.263555,0.886220,0.508079,
-1.469447,4.145256,-0.164577,0.864569,0.512639,
-1.643195,3.847451,-0.543777,0.866728,0.509645,
-2.756191,5.534394,-0.575790,0.873702,0.532513,
-2.756191,5.534394,-0.575790,0.873702,0.532513,
-3.803888,5.599874,-0.597767,0.883946,0.528498,
-3.223809,5.602610,0.058732,0.890417,0.533142,
-4.007148,5.439565,0.216121,0.889506,0.526001,
-4.193433,5.120915,0.150021,0.888941,0.522724,
-3.223809,5.602610,0.058732,0.890417,0.533142,
-4.193433,5.120915,0.150021,0.888941,0.522724,
-3.891330,4.460784,-0.178125,0.887116,0.515821,
-3.223809,5.602610,0.058732,0.890417,0.533142,
-4.007148,5.439565,0.216121,0.889506,0.526001,
-3.223809,5.602610,0.058732,0.890417,0.533142,
-3.803888,5.599874,-0.597767,0.883946,0.528498,
-3.609997,4.073917,-0.878747,0.881279,0.510433,
-3.891330,4.460784,-0.178125,0.887116,0.515821,
-4.114362,5.068791,-0.707932,0.884185,0.522584,
-3.666127,3.979122,-0.263555,0.886220,0.508079,
-3.891330,4.460784,-0.178125,0.887116,0.515821,
-3.609997,4.073917,-0.878747,0.881279,0.510433,
-4.193433,5.120915,0.150021,0.888941,0.522724,
-4.114362,5.068791,-0.707932,0.884185,0.522584,
-3.891330,4.460784,-0.178125,0.887116,0.515821,
-3.803888,5.599874,-0.597767,0.883946,0.528498,
-4.114362,5.068791,-0.707932,0.884185,0.522584,
-4.193433,5.120915,0.150021,0.888941,0.522724,
-4.007148,5.439565,0.216121,0.889506,0.526001,
-3.803888,5.599874,-0.597767,0.883946,0.528498,
-4.193433,5.120915,0.150021,0.888941,0.522724,
-4.114362,5.068791,-0.707932,0.884185,0.522584,
-3.803888,5.599874,-0.597767,0.883946,0.528498,
-3.140342,4.876195,-1.283692,0.876817,0.521178,
-3.140342,4.876195,-1.283692,0.876817,0.521178,
-3.803888,5.599874,-0.597767,0.883946,0.528498,
-2.756191,5.534394,-0.575790,0.873702,0.532513,
-3.609997,4.073917,-0.878747,0.881279,0.510433,
-1.857546,3.481404,-0.302280,0.865669,0.505155,
-3.666127,3.979122,-0.263555,0.886220,0.508079,
-4.114362,5.068791,-0.707932,0.884185,0.522584,
-3.140342,4.876195,-1.283692,0.876817,0.521178,
-3.609997,4.073917,-0.878747,0.881279,0.510433,
-3.609997,4.073917,-0.878747,0.881279,0.510433,
-3.140342,4.876195,-1.283692,0.876817,0.521178,
-1.857546,3.481404,-0.302280,0.865669,0.505155,
-1.643195,3.847451,-0.543777,0.866728,0.509645,
-3.140342,4.876195,-1.283692,0.876817,0.521178,
-2.756191,5.534394,-0.575790,0.873702,0.532513,
-3.140342,4.876195,-1.283692,0.876817,0.521178,
-1.643195,3.847451,-0.543777,0.866728,0.509645,
-1.857546,3.481404,-0.302280,0.865669,0.505155,
